img category1 category2 .. categoryn
1 1 42 
9 1 24 
14 1 36 
19 1 69 70 
22 1 36 67 70 
25 1 36 87 
27 1 21 
28 1 36 63 87 
30 1 36 
31 1 36 67 
33 1 36 60 69 
37 1 56 87 
38 1 36 68 69 
58 1 36 
59 1 69 
61 1 36 
62 1 36 
72 1 36 56 
81 1 89 
87 1 36 
88 1 40 
89 1 36 67 
91 1 36 
92 1 89 
97 1 55 87 
4004 1 36 41 69 
4294 1 44 
4300 1 36 44 
4305 1 44 
4316 1 44 
4323 1 44 
4331 1 36 44 
4337 1 36 44 59 
4520 1 46 
4605 1 47 
4930 1 36 49 70 
4931 1 49 
4934 1 36 49 
4936 1 36 49 
4938 1 36 49 
4953 1 36 49 
4955 1 36 49 
4956 1 49 
4958 1 36 49 
4972 1 49 
4985 1 49 
4988 1 36 49 87 
5013 1 50 91 
5044 1 50 
5073 1 50 
5074 1 50 
5075 1 50 
5077 1 50 
5087 1 50 
5101 1 51 91 
5106 1 51 70 91 
5109 1 51 71 91 
5115 1 51 87 91 
5127 1 51 87 91 
5142 1 51 
5149 1 51 91 
5158 1 51 91 
5169 1 51 91 
5170 1 1 51 
5180 1 51 87 
5245 1 52 70 
5512 1 55 90 
6476 1 64 
6910 1 36 
6974 1 36 68 
7037 1 36 68 
7046 1 36 68 
7054 1 36 68 
7077 1 36 68 
7145 1 36 38 68 
7263 1 56 68 
7293 1 60 68 86 
7321 1 38 68 
7337 1 69 
10617 1 36 
10910 1 36 85 
11064 1 36 
11156 1 36 42 55 70 98 
11161 1 36 42 70 98 
11167 1 36 56 87 
11180 1 36 
11184 1 45 87 93 
11186 1 87 
11197 1 36 93 98 
11200 1 36 
11292 1 64 
11317 1 36 55 87 
11326 1 36 98 
11337 1 36 45 87 87 
11352 1 36 87 
11459 1 36 87 
11568 1 36 87 
11573 1 56 87 
11575 1 87 
11576 1 36 
11577 1 36 49 
11590 1 36 98 
11593 1 70 
11597 1 36 
11608 1 91 
11649 1 36 36 46 
11650 1 36 
11686 1 23 
11689 1 36 56 87 
11694 1 36 56 87 
11732 1 86 
11737 1 86 
11774 1 36 
11862 1 87 
11956 1 31 67 88 
11962 1 88 
11990 1 88 90 
11997 1 88 90 
12079 1 89 
12081 1 45 89 
12082 1 30 89 
12084 1 45 89 
12086 1 89 
12095 1 55 89 
12098 1 89 
12108 1 89 
12169 1 90 
12171 1 90 
12184 1 90 
12209 1 90 
12245 1 90 
12923 1 6 
13164 1 36 100 
13182 1 36 87 100 
13233 1 36 67 93 
13236 1 36 
13262 1 26 67 
13264 1 67 
13273 1 36 69 
13276 1 33 36 
13295 1 93 
13297 1 93 
13325 1 69 
13327 1 53 93 
13329 1 93 
13331 1 36 46 93 
13333 1 69 93 
13379 1 36 45 
13389 1 58 
13414 1 36 
13468 1 36 
13639 1 52 54 67 
13645 1 30 
13646 1 30 36 
13671 1 48 
13690 1 36 45 70 87 
13693 1 36 
13695 1 36 62 70 
13696 1 67 93 
13701 1 36 87 
13702 1 36 
13704 1 36 60 93 
13705 1 31 36 58 
13708 1 28 36 
13723 1 36 70 74 
13724 1 36 63 87 
13731 1 36 67 
13732 1 36 81 
13733 1 36 63 69 
13734 1 36 42 73 87 
13735 1 36 63 
13736 1 36 70 
13739 1 33 70 87 
13745 1 36 44 
13746 1 36 53 
13747 1 36 58 
13748 1 36 70 
13749 1 20 87 
13752 1 63 
13754 1 36 55 
13755 1 36 87 
13757 1 36 49 
13763 1 36 47 
13764 1 36 59 
13774 1 36 58 
13775 1 36 70 
13776 1 36 56 75 87 
13779 1 36 87 
13780 1 68 87 
13781 1 36 60 
13782 1 36 70 
13787 1 36 58 
13806 1 36 68 
13815 1 36 81 
13819 1 36 
13822 1 36 46 
13827 1 36 
13838 1 36 
13840 1 36 
13847 1 64 
13857 1 36 49 70 
13859 1 36 
13867 1 68 69 
13887 1 46 69 
13888 1 36 49 
13893 1 56 87 
13898 1 36 
13903 1 36 
13933 1 36 39 
13938 1 36 46 
13947 1 49 
13948 1 36 70 85 
13958 1 36 46 69 
13960 1 31 36 47 
13969 1 36 81 93 
13978 1 36 59 
13985 1 36 
13988 1 36 49 
13989 1 96 96 
13991 1 36 
13992 1 36 56 
13999 1 32 36 
14002 1 36 41 55 
14003 1 36 44 87 
14005 1 36 49 
14006 1 31 55 
14012 1 36 70 87 
14015 1 36 60 87 
14016 1 23 42 
14023 1 63 69 87 
14025 1 42 91 
14036 1 42 
14039 1 20 54 87 
14044 1 35 35 48 48 
14048 1 23 42 
14051 1 36 56 87 
14061 1 23 42 
14069 1 31 36 70 
14071 1 36 38 55 60 87 
14074 1 36 58 70 
14076 1 36 70 
14077 1 23 42 
14080 1 31 36 70 
14082 1 9 36 
14086 1 31 36 70 
14089 1 23 42 
14093 1 36 60 87 
14104 1 60 
14108 1 31 36 
14115 1 36 
14124 1 36 
14152 1 31 36 81 
14170 1 46 
14171 1 36 
14173 1 46 
14182 1 36 61 
14203 1 36 
14206 1 36 
14235 1 36 60 85 
14239 1 36 54 
14240 1 36 85 
14249 1 36 56 
14263 1 36 56 87 
14267 1 63 91 
14287 1 36 42 
14289 1 36 60 60 87 
14291 1 36 59 
14309 1 32 87 
14329 1 32 87 
14346 1 67 
14348 1 1 55 60 87 
14350 1 36 48 87 
14353 1 36 87 
14354 1 87 
14355 1 32 36 87 
14357 1 42 73 
14364 1 36 54 69 
14372 1 36 87 
14388 1 36 56 87 
14402 1 58 
14411 1 48 70 
14420 1 36 
14425 1 36 
14445 1 36 
14449 1 100 
14451 1 36 
14495 1 1 36 36 47 87 87 
14503 1 36 54 
14505 1 36 87 
14510 1 91 
14519 1 49 
14522 1 47 
14526 1 36 56 
14565 1 36 
14576 1 36 38 
14584 1 36 39 69 
14592 1 36 87 
14595 1 36 44 
14596 1 36 70 86 
14603 1 36 81 87 
14605 1 36 87 
14607 1 36 46 
14609 1 36 
14615 1 36 
14616 1 55 69 
14619 1 36 54 
14621 1 36 87 
14626 1 36 86 
14636 1 36 39 
14642 1 36 
14644 1 36 
14651 1 36 56 
14663 1 36 
14666 1 36 
14668 1 36 58 
14689 1 64 
14698 1 36 56 
14699 1 36 87 
14723 1 36 65 
14728 1 36 
14759 1 36 76 
14787 1 36 87 
14799 1 36 56 
14805 1 36 
14806 1 55 
14812 1 32 70 
14813 1 36 
14814 1 98 
14817 1 36 56 
14822 1 36 45 
14828 1 55 98 
14829 1 55 98 
14834 1 98 
14835 1 36 
14853 1 36 89 
14867 1 56 
14868 1 60 
14877 1 36 
14880 1 20 
14881 1 36 86 87 
14885 1 36 
14886 1 36 
14887 1 36 
14890 1 36 56 87 
14899 1 36 46 93 
14902 1 36 41 
14903 1 41 67 
14906 1 42 91 
14909 1 1 55 63 93 
14910 1 32 98 
14919 1 98 
14920 1 1 45 87 
14921 1 90 98 
14923 1 36 98 
14987 1 36 55 87 
14992 1 55 87 
15019 1 87 91 
15041 1 36 87 
15083 1 87 
15085 1 36 82 87 
15098 1 79 91 
15104 1 36 70 
15113 1 36 55 87 93 
15134 1 32 85 
15148 1 56 87 
15154 1 36 45 
15165 1 63 
15175 1 36 
15176 1 32 36 87 93 
15179 1 36 70 80 
15189 1 60 68 
15246 1 36 45 87 
15259 1 36 67 
15286 1 36 70 
15293 1 36 87 
15300 1 36 42 
15301 1 36 45 
15310 1 36 
15311 1 39 55 63 87 
15335 1 57 
15342 1 36 
15352 1 36 
15354 1 35 44 86 
15357 1 36 
15358 1 36 87 
15363 1 36 60 93 
15364 1 1 36 46 
15366 1 36 56 87 
15370 1 36 61 
15373 1 36 56 87 
15389 1 36 45 87 
15393 1 36 64 
15414 1 36 98 
15415 1 32 36 55 63 87 
15419 1 36 
15440 1 36 87 
15467 1 23 
15471 1 79 87 91 
15479 1 36 63 87 
15505 1 96 96 
15506 1 36 60 98 
15507 1 36 55 
15521 1 31 36 
15524 1 36 
15534 1 36 64 
15537 1 51 
15542 1 36 56 
15545 1 64 91 
15555 1 36 42 
15559 1 36 
15560 1 91 
15583 1 93 
15589 1 36 
15644 1 68 
15683 1 64 91 
15707 1 23 
15719 1 36 64 
15732 1 31 91 
15735 1 36 
15741 1 36 
15749 1 36 43 
15766 1 36 64 
15789 1 36 57 
15792 1 61 98 
15803 1 31 36 
15806 1 36 
15812 1 36 45 86 87 
15832 1 36 56 87 
15849 1 36 98 
15850 1 36 
15875 1 36 55 87 
15885 1 73 
15892 1 91 
15894 1 36 87 
15895 1 36 63 67 
15921 1 20 36 48 
15924 1 42 79 91 
15930 1 31 36 
15946 1 36 60 87 
15969 1 36 87 
15973 1 36 56 87 
16000 1 36 
16012 1 89 
16033 1 89 
16034 1 87 
16036 1 91 
16050 1 36 
16060 1 36 45 87 
16061 1 36 
16069 1 61 
16124 1 87 
16164 1 32 36 60 85 87 
16191 1 56 90 
16237 1 63 
16260 1 86 
16263 1 91 
16279 1 55 87 
16285 1 91 
16287 1 55 87 
16290 1 87 
16556 1 36 63 87 
16557 1 36 87 
16590 1 36 60 87 
16600 1 91 
16614 1 36 87 
16615 1 36 38 68 87 
16641 1 36 60 87 
16643 1 42 
16669 1 31 36 
16670 1 36 70 87 
16674 1 91 
16675 1 56 87 90 
16680 1 23 42 
16685 1 51 91 
16686 1 56 87 90 
16690 1 36 87 
16691 1 56 87 
16695 1 59 
16701 1 43 
16706 1 36 87 
13726 2 36 
13728 2 36 
14632 2 36 
15650 2 53 
13790 3 60 87 
13792 3 60 87 
13990 3 70 
15718 3 84 
11534 4 36 
13772 4 36 
14302 4 36 
14470 4 20 
15610 4 87 
15645 4 20 
15715 4 87 
16697 4 87 
413 5 36 
439 5 36 
453 5 36 
455 5 36 
467 5 5 
477 5 36 
479 5 36 
486 5 36 
490 5 36 
494 5 36 
10708 5 36 
12178 5 90 
13771 5 90 
14094 5 36 
14810 5 36 
14826 5 36 
14851 5 90 
14858 5 87 
14859 5 23 
14860 5 23 
14879 5 87 
14922 5 87 
15144 5 36 
15403 5 36 
15442 5 20 
15662 5 36 
15720 5 20 
15781 5 36 
15809 5 36 
15810 5 36 
15943 5 36 
16015 5 36 
16112 5 90 
16250 5 20 
16267 5 90 
16681 5 90 
16707 5 90 
5502 6 55 
7098 6 68 
7135 6 68 
11131 6 87 
11502 6 6 
11617 6 36 
11863 6 87 
11893 6 87 
12878 6 6 
12880 6 6 
12881 6 6 
12883 6 87 
12886 6 6 
12889 6 6 
12893 6 87 
12904 6 6 
13020 6 12 
13672 6 39 
13709 6 87 
13711 6 87 
13722 6 87 
13737 6 36 87 
13756 6 36 87 
13786 6 87 
13860 6 87 
14027 6 87 
14052 6 87 89 92 
14063 6 89 92 
14078 6 89 92 
14087 6 36 87 92 
14220 6 87 
14554 6 70 87 
15124 6 32 32 
15168 6 60 87 
15203 6 36 
15302 6 42 87 
15604 6 20 87 91 
15615 6 36 68 
15627 6 91 
15639 6 36 
15658 6 32 
15663 6 36 
15722 6 96 
15777 6 36 
15815 6 90 
15876 6 36 
15908 6 86 87 
15922 6 86 87 
15923 6 86 87 
15949 6 36 
15954 6 36 
16057 6 87 
16097 6 36 87 
16611 6 87 
16619 6 87 
16712 6 87 
10655 7 7 
10717 7 7 7 7 7 
10852 7 7 
10853 7 7 
10854 7 7 
13719 7 55 
13753 7 87 87 87 
14070 7 69 87 
14384 7 35 36 
14571 7 36 
15307 7 36 
794 8 91 
880 9 42 
2460 9 25 
5183 9 25 51 71 
7186 9 68 
11603 9 23 27 
13697 9 23 42 
13712 9 23 
13713 9 23 42 
13720 9 42 73 87 
13743 9 23 42 
13816 9 23 
13997 9 36 
14226 9 91 
14234 9 42 87 91 
14593 9 36 
14650 9 67 70 
14725 9 23 
14898 9 23 42 
14966 9 42 55 91 
15425 9 42 91 
15510 9 23 
15518 9 91 
15536 9 36 42 
15601 9 87 91 
15692 9 42 71 87 91 
15847 9 96 96 
15878 9 36 
16387 9 42 91 
16617 9 23 
16676 9 42 91 
16693 9 23 
901 10 36 
903 10 36 
910 10 36 
912 10 36 
913 10 36 
920 10 36 
921 10 36 
925 10 36 
942 10 36 
951 10 36 
953 10 36 
955 10 36 
956 10 36 
957 10 36 
965 10 36 
975 10 36 
979 10 36 
990 10 36 
993 10 36 
994 10 36 
995 10 36 
11283 10 36 
11615 10 20 36 
11616 10 20 36 
13751 10 36 
13769 10 20 87 
13784 10 36 
13791 10 20 
14264 10 36 
14527 10 36 
14763 10 36 
14764 10 36 
14768 10 36 
14769 10 36 
15469 10 87 
15695 10 36 
15773 10 20 
15833 10 36 
16631 10 20 
13995 11 36 70 87 
14917 11 36 87 
16782 11 91 
6904 12 68 87 
6934 12 68 87 
6955 12 12 68 98 
6959 12 68 
6963 12 38 68 69 
6970 12 68 
7011 12 68 
7014 12 38 68 
7160 12 12 68 68 
11869 12 87 
13035 12 27 
13694 12 40 
13961 12 12 
13967 12 12 
13994 12 12 68 
14421 12 37 
14541 12 87 
14546 12 87 
14611 12 13 
14614 12 13 
14724 12 37 
15117 12 12 
15928 12 18 
16030 13 16 16 16 
16429 13 37 
16441 13 13 
1326 14 14 14 14 14 14 
1332 14 14 
1364 14 14 14 14 14 14 
13703 14 38 67 
13759 14 14 43 
13962 14 14 68 87 
1502 16 18 
1515 16 16 16 
1524 16 16 16 
1537 16 19 
1548 16 16 16 
13546 16 97 
13592 16 16 16 16 
13595 16 16 
13600 16 16 16 16 
14011 16 27 
14034 16 16 19 
14037 16 16 19 
14040 16 16 19 55 
14045 16 16 19 
14053 16 19 55 
14091 16 16 16 
14325 16 19 
16027 16 16 
1604 17 98 
1605 17 98 
1609 17 98 
1613 17 98 
1621 17 98 
1647 17 98 
1648 17 98 98 
1652 17 98 
1663 17 17 98 98 
1664 17 98 
1685 17 98 
1688 17 98 
13760 17 98 
13761 17 98 
13766 17 98 
13783 17 98 
13785 17 98 
14054 17 17 87 
14059 17 17 
14314 17 98 
14499 17 98 
14575 17 98 
14897 17 98 
15021 17 98 
15139 17 17 
15260 17 98 
15283 17 98 
15331 17 98 
15332 17 98 
15345 17 98 
15350 17 98 
15378 17 98 
15379 17 98 
15482 17 98 
15513 17 98 
15522 17 17 
15594 17 98 
15624 17 17 98 
15703 17 98 
15743 17 98 
15944 17 17 
15958 17 17 98 
16021 17 98 
16099 17 17 
16111 17 98 
16486 17 98 
16616 17 98 
16684 17 98 
13829 18 87 
14349 18 87 
14351 18 27 87 
13710 19 87 
13970 19 19 
14028 19 97 
14047 19 94 
14066 19 97 
14306 19 36 94 
14414 19 91 
14660 19 87 
3476 20 35 99 
14008 20 20 20 
14476 20 92 
14671 20 54 
15702 20 36 
15757 20 35 94 
15772 20 76 
15911 20 35 94 
15967 20 35 
16154 20 35 
16699 20 35 94 
13673 21 87 
15608 21 94 94 94 94 94 
12112 22 89 
12116 22 89 
12181 22 90 
14210 22 94 94 
14219 22 94 
14410 22 55 
14412 22 55 
14594 22 54 
15089 22 54 
15324 22 54 
15367 22 54 
15830 22 35 
16217 22 54 
11605 23 42 42 
12610 23 42 99 
13777 23 99 
15219 23 42 
15685 23 36 
15765 23 42 
15846 23 42 
16089 23 42 
16269 23 42 
16660 23 42 
6964 26 68 
15249 26 29 
15616 26 28 
15767 26 36 68 
15814 26 91 
15840 26 36 
15844 26 36 
11178 27 55 81 
13963 27 87 
14021 27 31 69 
14547 27 87 
15110 27 87 
15593 27 36 
15745 27 29 
15747 27 36 87 
7304 28 68 
15434 28 36 
13996 30 86 
6936 31 68 
12503 31 67 94 
15820 31 36 
11500 32 35 45 99 
12138 32 89 
13319 32 87 93 
14068 32 65 
15213 32 70 91 
15705 32 36 
16062 32 36 70 87 
7178 34 61 68 99 
7252 34 68 
15941 35 94 
15 36 84 
82 36 86 99 
99 36 99 
4606 36 47 99 
4609 36 47 99 
4933 36 49 
4971 36 49 99 
4973 36 49 99 
5008 36 50 87 
5014 36 50 
5021 36 50 
5161 36 36 51 70 70 
5207 36 52 99 
5237 36 52 
5491 36 55 99 
5518 36 55 99 
6977 36 68 
11695 36 76 87 
11874 36 87 92 
12088 36 92 
12371 36 92 
12380 36 87 92 
12385 36 87 92 
12389 36 92 
12403 36 92 
12409 36 92 
12419 36 92 
12421 36 87 92 
12422 36 92 
12436 36 92 
12440 36 92 
12448 36 92 
12456 36 92 
12464 36 92 
12470 36 92 
12547 36 94 94 
12556 36 94 
12566 36 99 
12577 36 99 99 
12584 36 99 
12618 36 99 
12625 36 99 
12632 36 99 
12653 36 59 99 
13243 36 59 76 
13246 36 45 
13293 36 93 99 
13462 36 76 
13700 36 92 
13868 36 76 
13872 36 76 
13968 36 99 
13983 36 53 76 
14050 36 76 
14062 36 87 
14304 36 72 
14308 36 87 
14352 36 87 87 99 100 
14513 36 76 
14531 36 46 99 
14630 36 76 
14754 36 92 
14762 36 76 
14780 36 92 
14839 36 77 
14843 36 92 
14850 36 87 92 
14876 36 72 
14878 36 92 
14907 36 87 92 
14989 36 92 
15038 36 92 
15112 36 92 
15123 36 56 87 
15149 36 42 87 92 
15151 36 76 
15173 36 87 92 
15214 36 76 
15215 36 76 
15216 36 76 
15218 36 76 
15221 36 76 
15289 36 76 
15303 36 82 
15346 36 76 
15360 36 82 
15368 36 76 
15376 36 92 
15380 36 92 
15381 36 92 
15382 36 69 76 
15391 36 92 
15404 36 82 
15411 36 92 
15416 36 77 
15418 36 92 
15423 36 67 
15428 36 42 71 75 87 
15447 36 70 
15526 36 82 
15528 36 76 
15530 36 83 86 87 
15571 36 86 
15585 36 77 
15603 36 77 
15613 36 99 
15617 36 40 
15621 36 39 77 
15665 36 92 
15712 36 87 92 
15734 36 92 
15756 36 92 
15780 36 77 98 
15804 36 76 
15848 36 38 
15902 36 69 
15906 36 82 
15907 36 87 92 
15989 36 87 
16170 36 87 92 
16253 36 87 
16255 36 87 
16257 36 70 
16283 36 87 92 
16599 36 87 
16601 36 92 
16603 36 42 87 
16679 36 87 92 
16689 36 87 92 
16705 36 87 
16708 36 76 
11975 37 88 99 
15925 37 82 
6947 38 68 
7056 38 68 
7092 38 68 68 
13982 38 70 
14378 38 87 
14931 38 67 94 94 
83 40 89 99 
11115 42 42 42 42 42 
14083 42 42 
15192 42 91 
16153 42 96 
15410 43 59 
4416 45 98 
4434 45 98 
4459 45 98 
4461 45 98 
12062 45 89 99 
7089 46 68 
7305 46 68 
12521 46 70 94 94 
14643 46 94 
14400 48 75 
15653 48 54 
4935 49 90 93 
4941 49 49 
4948 49 49 
4962 49 87 
4976 49 74 
12130 49 89 
16266 49 89 99 
5135 51 87 99 
5156 51 87 
7327 53 69 
13318 53 69 93 
15831 54 70 
5543 55 98 
10638 55 87 
10845 55 85 
14490 55 98 
15065 56 87 
10668 60 86 87 
10743 60 87 
15188 60 68 87 
15402 60 87 
15763 60 98 
15891 60 68 98 
16008 60 82 85 87 91 
6990 61 68 
6993 61 68 
10771 65 65 
86 67 88 99 
13244 67 99 
14925 67 94 94 
7032 68 68 68 68 68 68 68 68 68 68 68 68 
7131 68 68 
7159 68 99 
7205 68 68 
7280 68 87 
7314 68 68 68 
13698 68 84 87 
14010 69 87 
14018 69 87 
14540 69 87 
10909 71 71 
14033 73 87 
10916 78 78 
11365 80 98 
12882 80 87 
10742 81 81 81 
11195 81 81 81 81 
11455 81 81 81 81 
14334 82 87 98 
16688 82 91 
11696 83 87 
13716 83 87 
13768 83 87 
14900 83 87 
15838 83 87 
16687 83 87 
13788 84 87 
15539 84 87 
11734 86 86 
11749 86 86 
11791 86 87 
11818 86 86 
11903 87 87 
11934 87 87 
11946 87 87 
12196 87 90 92 
13564 87 97 
14013 87 89 92 
14017 87 89 92 
14041 87 89 92 
14336 87 95 
14685 87 89 92 
14908 87 92 
14990 87 92 
15573 87 91 
11954 88 98 
11989 88 99 
12060 88 91 99 
12513 88 94 94 94 
12061 89 92 
12065 89 99 
12100 89 94 
12129 89 94 
12141 89 99 
12142 89 92 
12148 89 89 
12157 89 92 
14064 89 92 
12187 90 92 
14830 90 90 90 
14854 90 94 94 94 
16271 90 92 
16683 90 92 
16694 90 92 
11483 91 96 
12301 91 91 91 
12323 91 91 
12449 92 92 
12454 92 92 
12466 92 92 
12511 94 94 
12512 94 94 
12514 94 94 94 94 
12515 94 94 
12516 94 94 
12517 94 94 
12518 94 94 94 
12519 94 94 
12520 94 94 
12522 94 94 94 94 94 94 
12524 94 94 
12525 94 94 
12528 94 94 94 
12529 94 94 94 
12530 94 94 
12532 94 94 
12533 94 94 
12537 94 94 
12538 94 94 
12539 94 94 
12541 94 94 
12542 94 94 94 
12543 94 94 
12545 94 94 
12549 94 94 
12551 94 94 
12552 94 94 
12554 94 94 94 
12557 94 94 94 
14804 94 94 94 
14924 94 94 
14926 94 94 94 94 
14927 94 94 94 
14928 94 94 94 
14930 94 94 94 94 94 94 
14932 94 94 
14933 94 94 
14934 94 94 
14935 94 94 
14936 94 94 
14938 94 94 
14942 94 94 
14946 94 94 
14947 94 94 94 
14948 94 94 
14949 94 94 
12679 95 95 95 
15409 96 96 
15452 96 96 96 
15459 96 96 
15602 96 96 
13507 97 97 
13508 97 98 
13511 97 97 
13515 97 97 
13516 97 97 
13520 97 98 
13523 97 97 
13537 97 97 97 
13559 97 97 
13567 97 98 
13959 97 97 
14952 97 97 
14954 97 97 
14961 97 97 
12959 98 98 
12562 99 99 
12637 99 99 99 
